#########################################################################

### Evenly spaced basestations

#########################################################################

#0
[4, 7, 10]
[3, 5, 6, 9, 12]
# Optimal answer has 2 colors.

#1
[18, 23, 28]
[16, 20, 21, 22, 25]

#2
[32, 40, 48, 56, 64]
[26, 27, 28, 33, 37, 38, 41, 43, 45, 47, 49, 50, 51, 52, 53]

#3
[74, 78, 82, 86, 90, 94, 98, 102, 106, 110, 114, 118, 122, 126, 130, 134, 138, 142, 146, 150, 154, 158, 162, 166, 170]
[84, 85, 87, 92, 103, 104, 111, 115, 119, 123, 125, 131, 135, 157, 163, 164, 167, 169, 171, 71, 83, 88, 96, 127, 136, 139, 140, 141, 147, 152]

#4
[59, 71, 83, 95, 107, 119, 131, 143, 155, 167]
[54, 55, 60, 61, 65, 69, 72, 73, 76, 77, 80, 81, 82, 84, 89, 90, 99, 100, 101, 108, 110, 111, 112, 113, 115, 117, 120, 122, 126, 127, 130, 135, 137, 138, 139, 145, 148, 149, 150, 151, 153, 154, 161, 164, 165, 166, 168, 169, 174, 175]

#5
[73, 85, 97, 109, 121, 133, 145, 157, 169, 181, 193, 205, 217, 229, 241, 253, 265, 277, 289, 301]
[62, 65, 78, 79, 80, 82, 84, 89, 90, 92, 95, 96, 98, 99, 103, 104, 105, 106, 108, 110, 111, 112, 113, 114, 116, 117, 118, 119, 123, 124, 126, 128, 129, 131, 134, 140, 142, 147, 148, 149, 153, 156, 158, 160, 161, 162, 164, 166, 167, 168, 172, 173, 174, 175, 177, 178, 185, 186, 187, 190, 191, 192, 196, 197, 198, 202, 204, 206, 212, 219, 222, 225, 228, 233, 234, 244, 246, 248, 249, 252, 254, 255, 259, 260, 263, 264, 266, 279, 280, 281, 284, 286, 288, 291, 292, 293, 294, 299, 300, 305]

#6
[63, 69, 75, 81, 87, 93, 99, 105, 111, 117, 123, 129, 135, 141, 147, 153, 159, 165, 171, 177, 183, 189, 195, 201, 207, 213, 219, 225, 231, 237, 243, 249, 255, 261, 267, 273, 279, 285, 291, 297, 303, 309, 315, 321, 327, 333, 339, 345, 351, 357]
[62, 68, 73, 77, 78, 80, 83, 86, 92, 94, 107, 110, 112, 113, 116, 118, 121, 122, 137, 138, 145, 148, 149, 152, 155, 157, 160, 167, 176, 181, 184, 186, 187, 188, 193, 197, 199, 203, 206, 222, 227, 232, 234, 238, 239, 242, 244, 246, 248, 251, 253, 254, 256, 260, 264, 265, 266, 269, 270, 272, 274, 275, 277, 283, 286, 289, 292, 295, 301, 306, 311, 312, 314, 318, 320, 322, 323, 328, 332, 338, 340, 344, 347, 350, 352, 359, 360, 59, 70, 71, 76, 79, 88, 91, 97, 102, 103, 106, 108, 120]

#7
[93, 108, 123, 138, 153, 168, 183, 198, 213, 228, 243, 258, 273, 288, 303, 318, 333, 348, 363, 378, 393, 408, 423, 438, 453, 468, 483, 498, 513, 528]
[80, 81, 84, 85, 86, 88, 89, 91, 94, 97, 101, 109, 110, 111, 112, 113, 114, 115, 118, 120, 126, 130, 132, 133, 135, 136, 139, 142, 148, 150, 152, 155, 158, 160, 163, 166, 171, 172, 173, 174, 178, 180, 184, 185, 187, 188, 189, 191, 201, 202, 204, 208, 220, 221, 224, 225, 230, 232, 233, 234, 238, 244, 247, 253, 254, 255, 259, 260, 262, 263, 266, 267, 270, 279, 282, 284, 285, 289, 290, 291, 293, 295, 296, 298, 306, 307, 309, 311, 313, 317, 325, 331, 332, 338, 339, 342, 344, 345, 346, 349, 351, 355, 356, 357, 359, 360, 367, 371, 375, 387, 388, 390, 391, 398, 399, 400, 401, 407, 409, 410, 411, 414, 416, 419, 421, 425, 428, 433, 434, 435, 441, 443, 444, 445, 447, 448, 450, 451, 455, 458, 459, 460, 461, 462, 463, 465, 471, 472, 473, 476, 477, 478, 479, 484, 485, 492, 494, 496, 497, 500, 501, 502, 504, 507, 508, 512, 515, 519, 525, 530, 531, 533, 534, 535, 537, 538, 541, 83, 103, 104, 105, 107, 122, 124, 140, 146, 149, 154, 159, 162, 164, 165, 176, 177, 181, 182, 186, 190, 193, 197]

#8
[42, 104, 166, 228, 290, 352, 414, 476, 538, 600]
[1, 2, 3, 5, 6, 10, 13, 15, 17, 19, 20, 21, 22, 23, 25, 28, 31, 32, 33, 35, 36, 40, 43, 45, 47, 49, 50, 51, 52, 54, 56, 57, 60, 61, 62, 63, 64, 67, 69, 71, 72, 73, 77, 78, 79, 80, 82, 83, 86, 93, 95, 96, 97, 98, 100, 103, 109, 112, 113, 116, 117, 118, 121, 122, 125, 126, 127, 128, 131, 133, 134, 136, 140, 143, 146, 147, 149, 150, 152, 154, 155, 157, 162, 163, 165, 170, 171, 172, 173, 174, 175, 176, 177, 179, 182, 183, 185, 193, 197, 198, 201, 202, 204, 205, 206, 208, 210, 211, 212, 215, 216, 218, 219, 221, 222, 224, 225, 226, 231, 233, 234, 237, 245, 246, 247, 248, 249, 251, 252, 253, 254, 255, 256, 259, 260, 265, 268, 270, 273, 274, 275, 282, 284, 285, 286, 288, 289, 293, 294, 296, 299, 301, 305, 306, 310, 311, 313, 316, 319, 320, 321, 322, 323, 329, 333, 334, 336, 337, 338, 341, 342, 345, 346, 347, 348, 354, 355, 358, 362, 364, 365, 366, 367, 376, 378, 379, 380, 383, 384, 386, 387, 388, 389, 390, 392, 393, 396, 399, 400, 401, 405, 409, 410, 412, 413, 415, 419, 420, 425, 426, 427, 429, 430, 431, 438, 439, 440, 442, 444, 445, 446, 451, 452, 453, 454, 456, 457, 460, 462, 463, 466, 472, 473, 474, 475, 480, 481, 486, 487, 490, 491, 493, 496, 497, 498, 500, 501, 503, 505, 507, 509, 510, 512, 513, 515, 518, 521, 522, 523, 525, 530, 533, 534, 535, 536, 539, 542, 543, 544, 547, 553, 556, 560, 561, 563, 564, 566, 567, 570, 572, 573, 576, 578, 580, 581, 582, 583, 584, 586, 587, 588, 589, 590, 591, 592, 596, 598, 599, 602, 604]

#9
[10, 67, 124, 181, 238, 295, 352, 409, 466, 523, 580, 637, 694, 751, 808, 865, 922, 979]
[1, 2, 3, 5, 8, 9, 11, 16, 17, 18, 21, 23, 25, 29, 33, 35, 36, 38, 39, 43, 44, 46, 48, 50, 52, 53, 56, 57, 60, 62, 64, 65, 66, 68, 74, 75, 77, 78, 83, 85, 93, 94, 96, 97, 102, 106, 111, 117, 119, 120, 121, 125, 126, 127, 130, 134, 139, 140, 144, 145, 146, 148, 150, 152, 153, 154, 155, 156, 157, 158, 159, 160, 161, 162, 165, 168, 170, 174, 180, 184, 185, 189, 190, 191, 192, 193, 197, 202, 205, 208, 211, 216, 219, 220, 222, 225, 226, 229, 230, 231, 232, 233, 234, 236, 239, 240, 241, 242, 246, 247, 248, 250, 251, 253, 254, 255, 256, 257, 258, 259, 260, 261, 264, 268, 269, 270, 271, 273, 274, 276, 278, 281, 283, 284, 286, 287, 288, 291, 293, 294, 296, 297, 300, 305, 308, 311, 312, 314, 315, 316, 317, 324, 325, 328, 330, 332, 333, 334, 336, 337, 339, 342, 345, 346, 348, 349, 350, 351, 353, 354, 357, 359, 361, 364, 366, 376, 377, 379, 382, 384, 386, 388, 389, 391, 394, 397, 398, 399, 403, 404, 405, 406, 407, 410, 412, 414, 416, 418, 419, 422, 426, 427, 428, 429, 432, 434, 439, 440, 443, 444, 445, 447, 449, 452, 453, 454, 455, 456, 457, 458, 461, 462, 464, 467, 470, 473, 476, 478, 479, 480, 481, 482, 483, 484, 488, 490, 491, 495, 497, 498, 500, 502, 505, 506, 507, 509, 511, 516, 517, 521, 522, 524, 525, 526, 528, 529, 532, 537, 538, 539, 540, 541, 542, 544, 546, 549, 552, 556, 559, 561, 562, 565, 566, 568, 571, 574, 575, 576, 578, 579, 585, 592, 593, 594, 601, 603, 609, 613, 615, 623, 624, 625, 628, 629, 632, 634, 639, 641, 644, 647, 648, 650, 651, 652, 654, 655, 657, 658, 659, 660, 661, 662, 668, 670, 671, 674, 675, 677, 678, 682, 686, 691, 692, 695, 697, 700, 703, 706, 707, 711, 714, 715, 716, 717, 718, 720, 721, 722, 723, 725, 729, 730, 731, 732, 733, 735, 737, 739, 740, 741, 743, 746, 747, 748, 749, 752, 753, 754, 760, 761, 762, 766, 767, 768, 770, 771, 772, 774, 775, 778, 782, 785, 788, 790, 791, 793, 794, 796, 799, 800, 805, 806, 811, 812, 815, 816, 821, 822, 823, 824, 825, 833, 835, 838, 842, 843, 846, 848, 850, 851, 852, 854, 856, 859, 864, 868, 870, 873, 874, 878, 880, 885, 887, 889, 891, 893, 894, 896, 898, 899, 900, 901, 902, 903, 907, 908, 910, 912, 913, 915, 917, 919, 920, 923, 924, 926, 927, 928, 935, 938, 939, 940, 943, 944, 945, 946, 949, 952, 958, 962, 963, 964, 969, 970, 975, 981, 982, 983, 986, 987, 994, 995, 996, 1000, 1001, 1002, 1003, 1004, 1006, 1008, 1009, 1012, 1013, 1016, 1019, 1021, 1024, 1025, 1026, 1027, 1028, 1029, 1030, 1031, 1032, 1035, 4, 6, 20, 22, 26, 32, 34, 40, 41, 47, 49, 51, 55, 70]

#10
[24, 66, 108, 150, 192, 234, 276, 318, 360, 402, 444, 486, 528, 570, 612, 654, 696, 738, 780, 822, 864, 906, 948, 990, 1032, 1074, 1116, 1158, 1200, 1242, 1284, 1326, 1368, 1410, 1452, 1494, 1536, 1578, 1620, 1662, 1704, 1746, 1788, 1830, 1872, 1914, 1956, 1998, 2040, 2082]
[4, 6, 11, 12, 14, 15, 21, 23, 25, 27, 28, 29, 31, 32, 33, 36, 37, 38, 40, 41, 42, 43, 44, 46, 47, 53, 54, 59, 60, 62, 71, 72, 78, 83, 84, 86, 87, 91, 92, 93, 97, 100, 102, 105, 106, 110, 111, 112, 115, 117, 120, 130, 132, 135, 136, 139, 140, 141, 144, 146, 147, 148, 149, 151, 152, 155, 156, 158, 159, 165, 166, 168, 170, 171, 174, 181, 182, 186, 187, 188, 190, 191, 194, 196, 197, 198, 199, 200, 203, 205, 207, 210, 211, 212, 215, 223, 225, 226, 227, 229, 232, 233, 236, 241, 245, 246, 247, 248, 251, 255, 256, 257, 260, 265, 267, 269, 271, 272, 273, 275, 279, 280, 283, 287, 288, 289, 291, 295, 296, 300, 301, 302, 310, 311, 313, 314, 315, 317, 319, 320, 325, 326, 329, 331, 333, 335, 339, 342, 343, 345, 346, 351, 354, 355, 356, 358, 365, 366, 369, 371, 372, 379, 381, 384, 385, 389, 393, 394, 395, 396, 397, 399, 400, 401, 405, 407, 410, 411, 413, 414, 416, 418, 420, 422, 424, 426, 435, 436, 437, 439, 445, 446, 449, 450, 452, 453, 455, 458, 459, 460, 461, 464, 466, 468, 470, 472, 474, 476, 477, 481, 483, 484, 485, 489, 490, 492, 494, 496, 498, 499, 500, 501, 502, 505, 507, 508, 509, 510, 511, 514, 516, 520, 521, 522, 523, 524, 525, 526, 527, 531, 536, 537, 538, 539, 542, 544, 547, 552, 553, 554, 557, 560, 561, 564, 565, 566, 569, 571, 572, 574, 576, 579, 580, 581, 583, 585, 587, 588, 591, 596, 597, 598, 599, 601, 602, 603, 605, 609, 613, 614, 616, 617, 618, 619, 620, 621, 625, 626, 628, 629, 631, 632, 633, 637, 638, 641, 642, 643, 645, 647, 648, 649, 651, 653, 655, 656, 657, 658, 659, 660, 664, 665, 667, 671, 674, 680, 681, 685, 689, 692, 693, 694, 695, 700, 704, 705, 706, 708, 710, 711, 712, 713, 714, 715, 716, 717, 718, 719, 721, 722, 726, 728, 730, 733, 735, 737, 740, 742, 743, 744, 746, 747, 748, 750, 753, 755, 756, 757, 758, 759, 763, 764, 766, 770, 771, 774, 777, 778, 781, 782, 783, 784, 785, 786, 787, 790, 792, 793, 796, 797, 798, 800, 802, 804, 809, 812, 813, 814, 815, 816, 817, 818, 821, 825, 829, 830, 833, 834, 835, 836, 838, 840, 843, 847, 849, 850, 851, 852, 853, 854, 856, 857, 858, 860, 863, 865, 866, 869, 870, 871, 872, 875, 876, 878, 879, 880, 881, 885, 887, 891, 892, 894, 895, 896, 897, 899, 903, 907, 908, 910, 911, 912, 913, 915, 916, 920, 922, 923, 928, 933, 942, 943, 947, 950, 951, 952, 953, 954, 955, 957, 958, 960, 961, 964, 967, 969, 971, 973, 976, 977, 978, 979, 980, 981, 982, 983, 984, 985, 988, 989, 993, 996, 998, 1000, 1002, 1006, 1008, 1009, 1010, 1011, 1012, 1014, 1015, 1017, 1019, 1020, 1022, 1023, 1024, 1025, 1026, 1029, 1030, 1031, 1033, 1035, 1036, 1042, 1045, 1046, 1048, 1053, 1055, 1056, 1057, 1059, 1060, 1062, 1065, 1067, 1069, 1070, 1071, 1072, 1073, 1075, 1076, 1077, 1080, 1081, 1082, 1083, 1084, 1086, 1087, 1091, 1093, 1094, 1096, 1097, 1100, 1103, 1108, 1109, 1111, 1112, 1113, 1118, 1119, 1121, 1125, 1126, 1127, 1128, 1130, 1132, 1133, 1134, 1137, 1139, 1144, 1145, 1147, 1151, 1154, 1157, 1162, 1164, 1165, 1166, 1167, 1168, 1169, 1173, 1175, 1177, 1182, 1183, 1184, 1186, 1188, 1191, 1193, 1196, 1202, 1203, 1205, 1208, 1210, 1213, 1214, 1217, 1219, 1223, 1224, 1225, 1226, 1227, 1228, 1230, 1233, 1235, 1237, 1238, 1243, 1244, 1245, 1246, 1249, 1250, 1252, 1255, 1256, 1258, 1260, 1261, 1264, 1266, 1268, 1276, 1281, 1283, 1285, 1286, 1287, 1292, 1293, 1296, 1300, 1301, 1303, 1304, 1305, 1306, 1307, 1308, 1309, 1311, 1313, 1316, 1318, 1320, 1321, 1324, 1325, 1328, 1329, 1330, 1334, 1338, 1340, 1343, 1344, 1345, 1346, 1347, 1349, 1353, 1357, 1361, 1362, 1363, 1364, 1373, 1375, 1376, 1379, 1385, 1388, 1389, 1390, 1394, 1397, 1400, 1405, 1406, 1407, 1408, 1411, 1415, 1416, 1419, 1420, 1422, 1423, 1424, 1426, 1427, 1437, 1441, 1443, 1447, 1448, 1450, 1451, 1460, 1461, 1463, 1466, 1471, 1473, 1475, 1476, 1477, 1479, 1481, 1482, 1483, 1484, 1490, 1492, 1493, 1496, 1498, 1500, 1507, 1511, 1512, 1514, 1517, 1518, 1521, 1526, 1527, 1531, 1533, 1535, 1537, 1541, 1543, 1544, 1545, 1546, 1550, 1553, 1554, 1556, 1557, 1560, 1561, 1562, 1563, 1564, 1565, 1567, 1568, 1569, 1576, 1577, 1580, 1581, 1582, 1584, 1587, 1589, 1592, 1594, 1595, 1596, 1597, 1598, 1601, 1602, 1604, 1606, 1610, 1611, 1613, 1614, 1617, 1618, 1619, 1621, 1622, 1624, 1625, 1628, 1630, 1632, 1634, 1635, 1636, 1637, 1640, 1641, 1642, 1644, 1645, 1648, 1651, 1652, 1654, 1655, 1656, 1657, 1658, 1659, 1660, 1661, 1665, 1666, 1668, 1671, 1673, 1676, 1678, 1682, 1683, 1684, 1687, 1690, 1692, 1697, 1699, 1701, 1702, 1705, 1707, 1708, 1710, 1711, 1715, 1718, 1720, 1723, 1724, 1725, 1726, 1734, 1736, 1737, 1738, 1739, 1740, 1742, 1749, 1751, 1754, 1755, 1757, 1758, 1759, 1761, 1765, 1767, 1771, 1772, 1773, 1778, 1781, 1783, 1785, 1786, 1790, 1791, 1792, 1796, 1797, 1798, 1801, 1803, 1805, 1808, 1809, 1810, 1811, 1813, 1814, 1816, 1817, 1818, 1820, 1823, 1825, 1826, 1827, 1829, 1831, 1835, 1838, 1841, 1842, 1843, 1845, 1846, 1847, 1849, 1854, 1856, 1857, 1859, 1861, 1862, 1866, 1867, 1874, 1876, 1878, 1879, 1880, 1881, 1883, 1886, 1889, 1896, 1901, 1904, 1905, 1907, 1908, 1911, 1915, 1916, 1917, 1919, 1923, 1924, 1926, 1928, 1929, 1932, 1935, 1939, 1941, 1948, 1949, 1952, 1954, 1959, 1960, 1961, 1963, 1965, 1968, 1970, 1972, 1976, 1980, 1989, 1990, 1991, 1992, 1993, 1994, 1999, 2000, 2001, 2004, 2006, 2007, 2010, 2013, 2014, 2016, 2028, 2029, 2031, 2033, 2034, 2035, 2038, 2039, 2041, 2042, 2047, 2049, 2050, 2051, 2052, 2053, 2054, 2055, 2056, 2058, 2059, 2061, 2062, 2067, 2068, 2070, 2074, 2076, 2077, 2078, 2089, 2090, 2091, 2092, 2093, 2096, 2097, 2102, 2104, 2106, 2107, 2109, 2114, 2115, 2116, 2117]

#########################################################################

### Randomly placed basestations

#########################################################################

#11
[2, 5, 10]
[7, 9, 12, 14, 16, 17, 21, 22, 23, 24]

#12
[7, 17, 24, 32, 41]
[1, 3, 5, 6, 8, 10, 11, 14, 15, 22, 25, 27, 28, 33, 34, 36, 38, 44, 46, 48]

#13
[4, 6, 14, 18, 22, 25, 34, 36, 37, 39, 44, 47, 52, 54, 57, 60, 63, 66, 67, 72, 85, 91, 92, 101, 109, 114, 127, 128, 129, 131]
[10, 12, 13, 16, 27, 28, 40, 42, 45, 46, 51, 55, 58, 61, 62, 64, 74, 75, 77, 78, 81, 84, 86, 89, 95, 98, 99, 105, 108, 119, 120, 121, 122, 123, 126, 132, 134, 135, 136, 137, 140, 143, 145, 147, 148, 152, 155, 156, 160, 161]

#14
[3, 14, 53, 72, 75, 96, 97, 131, 138, 139, 141, 142, 148, 149, 150, 153, 155, 164, 168, 184]
[2, 5, 6, 9, 12, 13, 15, 16, 18, 20, 21, 23, 25, 28, 29, 31, 33, 34, 36, 37, 40, 43, 46, 48, 49, 52, 56, 57, 58, 59, 60, 62, 68, 70, 73, 74, 76, 77, 81, 82, 83, 84, 89, 91, 98, 99, 100, 107, 108, 109, 110, 114, 115, 117, 119, 120, 123, 126, 128, 134, 145, 146, 152, 154, 157, 159, 161, 163, 165, 169, 171, 173, 174, 175, 179, 188, 189, 192, 194, 195, 196, 198, 199, 201, 202, 203, 204, 206, 218, 219, 221, 223, 224, 232, 236, 240, 243, 245, 247, 248]

#15
[2, 20, 114, 116, 120, 121, 126, 170, 215, 250, 275, 309, 312, 318, 341, 347, 381, 429, 443, 479]
[1, 3, 4, 5, 6, 10, 12, 13, 17, 19, 21, 25, 26, 28, 31, 32, 34, 35, 39, 43, 46, 48, 49, 51, 52, 53, 54, 58, 59, 60, 61, 63, 65, 69, 70, 72, 74, 78, 79, 81, 82, 84, 85, 86, 95, 98, 99, 100, 101, 102, 103, 110, 111, 112, 113, 122, 123, 125, 130, 131, 135, 137, 140, 141, 143, 145, 146, 149, 150, 154, 155, 156, 158, 163, 165, 166, 167, 168, 169, 171, 172, 173, 175, 176, 179, 181, 185, 188, 189, 191, 193, 194, 196, 197, 198, 199, 200, 201, 202, 203, 204, 207, 210, 213, 214, 216, 218, 226, 227, 228, 229, 230, 231, 234, 235, 236, 237, 238, 239, 240, 243, 245, 246, 247, 253, 255, 257, 258, 264, 265, 266, 267, 268, 269, 270, 274, 276, 277, 279, 280, 281, 288, 289, 290, 292, 293, 294, 299, 303, 307, 310, 311, 315, 323, 326, 331, 334, 336, 337, 339, 344, 345, 348, 349, 352, 355, 356, 358, 364, 365, 366, 367, 368, 371, 373, 374, 375, 376, 377, 378, 379, 385, 388, 389, 390, 393, 396, 399, 406, 409, 411, 415, 418, 419, 422, 423, 424, 428, 430, 431, 432, 433, 434, 435, 437, 438, 439, 444, 445, 447, 452, 453, 454, 456, 457, 458, 459, 460, 463, 464, 465, 467, 468, 469, 471, 480, 482, 486, 487, 490, 491, 492, 493, 497, 499, 503, 504, 506, 507, 510, 511, 513, 515, 517, 519, 521, 524, 529, 534, 536, 542, 544, 546, 549, 550, 558, 566, 568, 572, 575, 576, 579, 580, 581, 584, 585, 587, 588, 589, 591, 592, 593, 597, 600, 602, 604, 605, 606, 608, 610, 616, 619, 620, 621, 623, 628, 631, 632, 633, 635, 640, 642, 645, 646, 649, 652, 653, 654, 655, 656]

#16
[26, 44, 75, 76, 151, 172, 241, 287, 309, 313, 327, 426, 440, 466, 505, 571, 611, 628, 671, 698, 749, 779, 837, 842, 854, 884, 886, 928, 930, 990]
[2, 4, 13, 17, 18, 20, 23, 24, 25, 29, 30, 31, 35, 36, 37, 45, 46, 47, 49, 52, 57, 59, 61, 62, 64, 65, 70, 77, 78, 80, 84, 85, 86, 88, 89, 94, 95, 96, 97, 98, 99, 101, 105, 109, 110, 113, 114, 115, 116, 119, 122, 124, 125, 127, 128, 129, 132, 134, 136, 137, 138, 140, 143, 144, 145, 146, 147, 149, 150, 152, 153, 154, 155, 157, 158, 161, 162, 163, 166, 167, 168, 170, 171, 176, 180, 187, 188, 190, 192, 193, 195, 196, 197, 199, 200, 202, 203, 204, 205, 207, 216, 221, 223, 226, 227, 228, 229, 230, 232, 233, 234, 236, 239, 245, 247, 250, 252, 253, 254, 256, 258, 259, 260, 262, 263, 264, 265, 268, 269, 270, 272, 274, 276, 279, 281, 282, 285, 288, 290, 293, 296, 297, 300, 302, 304, 307, 308, 311, 314, 315, 316, 317, 318, 319, 320, 321, 322, 323, 324, 329, 341, 343, 347, 348, 351, 352, 356, 357, 359, 360, 362, 363, 364, 366, 370, 372, 373, 375, 376, 378, 382, 383, 384, 385, 391, 395, 398, 400, 402, 403, 405, 408, 409, 410, 412, 413, 417, 419, 420, 421, 422, 423, 428, 429, 430, 431, 432, 433, 439, 443, 444, 446, 448, 449, 455, 456, 458, 459, 460, 464, 467, 469, 472, 474, 482, 485, 490, 491, 493, 494, 495, 496, 497, 498, 499, 500, 503, 506, 509, 510, 512, 514, 515, 517, 519, 520, 521, 522, 526, 527, 528, 530, 531, 535, 542, 543, 546, 549, 550, 552, 553, 554, 557, 559, 561, 566, 570, 572, 573, 578, 579, 580, 581, 583, 585, 586, 587, 591, 592, 593, 594, 596, 598, 599, 601, 604, 605, 606, 609, 610, 612, 613, 615, 616, 617, 619, 622, 625, 632, 633, 636, 637, 640, 643, 644, 645, 646, 647, 650, 652, 654, 655, 656, 657, 659, 663, 664, 665, 673, 674, 675, 677, 678, 683, 685, 687, 689, 690, 691, 692, 695, 697, 700, 701, 703, 705, 706, 713, 718, 724, 726, 727, 728, 731, 734, 735, 736, 738, 740, 741, 742, 747, 751, 753, 755, 757, 758, 761, 762, 764, 767, 769, 772, 776, 780, 783, 784, 785, 786, 788, 792, 793, 796, 797, 800, 802, 803, 804, 805, 806, 808, 809, 810, 813, 814, 816, 817, 822, 823, 824, 825, 829, 831, 833, 834, 835, 836, 840, 843, 844, 845, 847, 850, 855, 859, 861, 868, 870, 871, 877, 880, 881, 882, 888, 893, 897, 905, 907, 908, 913, 914, 916, 917, 919, 920, 921, 922, 923, 924, 926, 929, 931, 934, 935, 936, 938, 940, 942, 945, 946, 949, 950, 951, 954, 956, 957, 958, 959, 962, 963, 966, 972, 973, 976, 980, 982, 992, 993, 995, 996, 998, 999, 1000, 1001, 1002, 1003, 1005, 1007, 1011, 1012, 1014, 1018, 1020, 1021, 1023, 1026, 1027, 1029, 1032, 1033, 1034, 1035, 1036, 1037, 1038, 1039, 1048, 1050, 1052, 1055, 1056, 1059, 1060, 1063, 1065, 1066, 1067, 1069, 1071, 1077]
