Results of toy problems using the centralized algorithm

#7
bs =  [5, 12, 19, 26]
user =  [1, 4, 7, 8, 13, 14, 24, 27, 31, 32]
colors = 3
time = 298 ms

#8
bs =  [49, 55, 61, 67, 73]
user =  [45, 51, 52, 58, 62, 66, 68, 72, 74, 77]
colors = 3
time = 295 ms

#9
bs =  [13, 21, 29, 37, 45]
user =  [10, 12, 16, 17, 19, 20, 22, 23, 24, 26, 28, 30, 32, 35, 41]
colors = 4
time = 315 ms

#10
bs =  [74, 80, 86, 92, 98, 104, 110, 116, 122, 128]
user =  [71, 72, 77, 81, 83, 84, 85, 87, 91, 93, 96, 100, 101, 103, 106, 114, 118, 119, 121, 125]
colors = 3
time = 306 ms

#11
bs =  [90, 100, 110, 120, 130]
user =  [81, 82, 83, 85, 86, 87, 88, 89, 91, 92, 99, 103, 106, 107, 109, 111, 114, 115, 116, 122]
colors = 9
time = 307 ms

#12
bs =  [33, 45, 57, 69, 81]
user =  [23, 26, 27, 29, 30, 32, 34, 35, 36, 42, 48, 58, 59, 61, 63, 64, 66, 67, 68, 70, 73, 74, 84, 85, 86]
colors = 7
time = 302 ms

#13
bs =  [86, 93, 100, 107, 114, 121, 128, 135, 142, 149]
user =  [80, 81, 82, 83, 89, 94, 95, 97, 98, 101, 104, 106, 111, 112, 118, 119, 125, 126, 129, 134, 137, 140, 148, 150, 154]
colors = 5
time = 298 ms

#14
bs =  [26, 32, 38, 44, 50, 56, 62, 68, 74, 80, 86, 92, 98, 104, 110]
user =  [21, 22, 28, 30, 31, 33, 35, 36, 40, 41, 43, 45, 46, 48, 52, 58, 59, 64, 71, 76, 77, 81, 87, 90, 95, 96, 100, 105, 107, 115]
colors = 3
time = 300 ms

#15
bs =  [56, 61, 66, 71, 76, 81, 86, 91, 96, 101, 106, 111, 116, 121, 126, 131, 136, 141, 146, 151]
user =  [53, 58, 59, 60, 62, 68, 70, 74, 78, 80, 83, 85, 87, 93, 97, 100, 104, 107, 112, 114, 115, 118, 122, 123, 128, 134, 139, 142, 148, 155]
colors = 3
time = 303 ms

